[0, 1.017824, 1.0031458]
[1, 0.80841327, 0.90039045]
[2, 0.7528803, 0.6797882]
[3, 0.755512, 0.784654]
[4, 0.7648974, 0.6850044]
[5, 0.7570845, 0.6304976]
[6, 0.6647248, 0.6513114]
[7, 0.6838906, 0.6279178]
[8, 0.6662684, 0.5657645]
[9, 0.642763, 0.60547256]
[10, 0.6059134, 0.6424932]
[11, 0.5974462, 0.6593237]
[12, 0.61502504, 0.6615722]
[13, 0.6570355, 0.69702494]
[14, 0.67612094, 0.77577525]
[15, 0.6349971, 0.5840219]
[16, 0.60127217, 0.64505565]
[17, 0.61119413, 0.5351893]
[18, 0.59531254, 0.58441997]
[19, 0.58151287, 0.54265773]
[20, 0.57193756, 0.5297621]
[21, 0.5930775, 0.51230824]
[22, 0.6074431, 0.58289933]
[23, 0.5829702, 0.5095789]
[24, 0.57719624, 0.57245404]
[25, 0.56821615, 0.5378358]
[26, 0.5515409, 0.5359423]
[27, 0.58131474, 0.5235827]
[28, 0.5716616, 0.51101923]
[29, 0.56306803, 0.54040813]
[30, 0.5445571, 0.51219016]
[31, 0.55293673, 0.50451416]
[32, 0.5559797, 0.53150797]
[33, 0.5347152, 0.5365223]
[34, 0.51893365, 0.49846208]
[35, 0.5179074, 0.5264625]
[36, 0.5510745, 0.5237771]
[37, 0.5351564, 0.5160974]
[38, 0.59283686, 0.49682647]
[39, 0.522776, 0.52297086]
[40, 0.5384555, 0.4999874]
[41, 0.5359952, 0.5562818]
[42, 0.5794437, 0.5150639]
[43, 0.5240174, 0.5052331]
[44, 0.5096968, 0.48964268]
[45, 0.4973371, 0.51532066]
[46, 0.5098549, 0.5126245]
[47, 0.55557084, 0.48740074]
[48, 0.52872425, 0.49963224]
[49, 0.4979307, 0.48181695]
