0.6002544164657593
0.6682965159416199
0.6781715154647827
0.6747851371765137
0.6680685877799988
0.6603606343269348
0.7086376547813416
0.6971811652183533
0.7125735282897949
0.7174103856086731
0.7279393076896667
0.7241618037223816
0.7267146706581116
0.7174562215805054
0.7013083696365356
0.7182349562644958
0.7325827479362488
0.7378439903259277
0.7370001673698425
0.744357705116272
0.7446868419647217
0.7413114905357361
0.7378743290901184
0.7471135258674622
0.7524839639663696
0.7515264749526978
0.7562198638916016
0.7383741736412048
0.745649516582489
0.7528401017189026
0.7635179758071899
0.7559019327163696
0.7610361576080322
0.7635189294815063
0.7675802707672119
0.7702698707580566
0.7538426518440247
0.7599217891693115
0.7447999715805054
0.767135500907898
0.759750485420227
0.7609750628471375
0.7523117065429688
0.769880473613739
0.7728966474533081
0.782846212387085
0.7702363729476929
0.7571219801902771
0.7632018327713013
0.7760337591171265
